   2.0000000e+00   3.5897975e-01   9.8263901e-01   2.1796713e-01   8.8053418e-01   9.5958676e-01   1.1013231e+00
   2.0000000e+00  -8.3589268e-01   9.1200956e-01   6.4989660e-01   1.0101242e+00  -5.9704141e-01   1.4985299e-01
   2.0000000e+00  -4.0978129e-02   2.7474873e-01  -1.8157553e-01  -1.0483285e+00  -7.1981162e-02  -1.3538812e+00
   2.0000000e+00   1.0810085e+00  -7.6284855e-02  -6.6774978e-01  -5.8415574e-01   4.8076774e-01   6.3325719e-01
   1.0000000e+00   6.8658190e-01   5.1434202e-01  -2.1989667e-01   8.0505878e-01  -2.6079967e-01   9.4489860e-01
   2.0000000e+00  -2.2850942e+00  -5.4396967e-01   1.1788255e+00   7.3384176e-01   1.5982802e-01  -1.4125162e+00
   2.0000000e+00   2.3562368e-01   1.0283919e+00   1.9132077e+00   8.5438095e-01   1.8762420e+00  -1.6949219e-01
   2.0000000e+00   7.9265830e-01  -7.2237980e-01   3.2545608e-01  -8.7247210e-01  -3.7027144e-03   8.7227045e-01
   2.0000000e+00  -1.6104156e-01  -1.4767017e+00   1.1196587e+00   8.3246596e-01   1.2631197e+00  -7.1926409e-01
   1.0000000e+00  -1.1452043e+00  -1.2776306e-01  -8.2959652e-01   3.9473141e-01   9.0498411e-01  -1.6565950e-02
   2.0000000e+00   1.5551992e-01  -1.4944284e+00   2.8705747e-01   7.2387871e-01  -7.4930029e-01  -6.4207099e-01
   2.0000000e+00   4.4005945e-01   3.1025475e-01   1.1481542e+00  -2.4641362e+00   1.2637244e+00  -1.1795052e+00
   2.0000000e+00  -4.7186913e-01   1.2535140e+00   8.6079170e-02  -9.0748148e-01  -6.1477449e-01  -1.3742829e-01
   2.0000000e+00  -3.1669282e-01  -1.4025804e+00  -3.8370109e-01   1.5408243e+00   4.4116397e-01  -1.6990364e+00
   2.0000000e+00  -1.0801659e-02  -1.6836613e+00  -1.2247776e+00   1.1160414e+00  -2.9794683e-02  -4.2255788e-01
   2.0000000e+00   4.4226034e-01  -2.4432555e-01   1.7483640e+00  -1.6834952e+00  -3.5644428e-01  -2.1636477e-02
   2.0000000e+00   3.5630842e-01  -8.5156091e-02   2.1185406e-01  -7.3834647e-01   1.1271864e+00  -1.4446084e-01
   2.0000000e+00   6.3750265e-01   1.1650007e+00   7.8124833e-01  -2.3597501e+00   5.0879027e-01   3.3649785e-01
   1.0000000e+00  -2.9653000e-01   3.2009345e-01   1.6712933e+00   1.9351288e-01  -1.5788023e-01  -7.7538352e-01
   2.0000000e+00  -8.6746282e-01   4.2706846e-01  -1.6363021e-01  -1.1965358e-01   8.4507254e-01   1.3396631e+00
   2.0000000e+00   8.0772085e-01  -7.7691042e-01  -8.1839605e-01  -6.9584292e-01   6.3919091e-01   2.1274197e-01
   2.0000000e+00   6.6529417e-01  -1.6425056e-02  -7.6229530e-02  -8.8701436e-01   7.3913655e-01   1.6032735e+00
   2.0000000e+00  -9.0252549e-01   1.0599858e+00  -1.6701377e+00  -8.6117343e-01   2.7436893e-03  -2.1420448e+00
   2.0000000e+00   4.8788463e-01   6.9740144e-01  -9.7270276e-01  -1.7679026e+00  -1.8568966e+00  -9.4838317e-01
   2.0000000e+00   6.3784775e-01  -2.6097354e-01   1.5427236e-01  -1.4217678e+00   3.5010618e-01   2.1661267e-01
   2.0000000e+00  -6.5348767e-01  -3.1981121e-01  -1.7915667e-01   4.8337396e-01   1.1737768e+00  -1.0955603e+00
   1.0000000e+00   1.3910863e+00   2.4025790e+00   1.6963866e+00   2.1966548e-01  -4.4848655e-01   8.4556428e-01
   2.0000000e+00   1.5197123e-01   3.8113008e-01   7.7129760e-01   1.1141384e+00  -6.2867952e-01  -2.4985643e+00
   1.0000000e+00  -1.3953518e+00  -6.2242040e-01   1.6728570e-01   5.2212038e-01  -9.7417868e-02  -8.4191444e-01
   2.0000000e+00   3.1222559e-01  -4.3277590e-01   4.3627413e-01  -1.3355626e-01   5.2431172e-01   1.0881928e+00
   2.0000000e+00   1.1463663e+00   1.6858250e-01   3.1720079e-01  -3.2201618e-01   3.3886718e-01  -1.1628471e+00
   2.0000000e+00  -7.2628161e-01   1.3636353e+00   2.6120447e-01  -1.3633274e+00  -4.1815649e-01   3.5195582e-01
   2.0000000e+00  -2.4958532e-01  -2.7773448e-01  -3.7139224e-02  -6.3365855e-01   1.5226132e+00   1.0256171e+00
   2.0000000e+00   1.3656835e+00   1.6211653e-01  -8.9871562e-01  -1.7366878e-01  -1.3244488e+00   1.6148871e+00
   2.0000000e+00   7.8549228e-01   1.6985599e+00   7.7664913e-01  -3.5926808e-01  -1.3906417e+00  -3.6368846e-01
   2.0000000e+00  -2.4770915e-01   1.0791956e+00   2.4346281e-01  -1.8209425e+00   2.4876243e+00   2.2659118e+00
   2.0000000e+00  -4.1673235e-01  -4.7288955e-01  -1.1277898e+00  -8.4555330e-01   3.4379267e-01  -4.7845502e-01
   2.0000000e+00   4.3643032e-01  -9.2771131e-01  -7.2102424e-01  -1.0961789e+00   1.0510647e+00   1.6073248e+00
   1.0000000e+00   4.8184727e-01   1.2401947e+00  -2.9172400e-01   3.3536085e-01  -8.4905263e-01  -1.7324820e+00
   2.0000000e+00   3.1403575e-01  -2.5631966e-02  -9.1514586e-01  -7.7721563e-02  -1.5204324e-01  -1.2061705e+00
   2.0000000e+00  -7.1218056e-01  -1.1231391e-01   2.1032547e-01  -5.4955468e-01   1.7505665e+00  -1.5472411e+00
   2.0000000e+00   7.9517164e-02  -1.3740170e+00   8.9109405e-02  -1.0470430e+00  -7.7994293e-02  -2.2928827e+00
   2.0000000e+00   5.0732816e-01  -2.6542693e+00  -1.0367837e+00  -1.0157434e+00  -5.2208240e-01   5.2900826e-01
   2.0000000e+00   1.4643347e+00  -8.8089071e-01   1.8434415e+00  -2.2647400e+00   6.2981831e-02   4.3450136e-01
   2.0000000e+00   1.3550747e+00   1.4194011e+00  -2.0018970e+00   1.3662887e+00  -2.2227545e+00   3.0136718e-01
   2.0000000e+00  -1.4331712e-01  -4.9378077e-01  -4.6613656e-01  -9.7501485e-01   8.9826020e-01   2.1945136e-01
   2.0000000e+00  -2.7515314e-01  -8.5458593e-01   8.3428321e-01  -2.4829911e+00  -5.6902037e-01  -1.9567448e+00
   2.0000000e+00  -3.1791243e-01  -3.5300319e-01   1.6750240e+00  -3.8317857e-01  -1.0056411e+00   1.2046218e+00
   2.0000000e+00   1.9213888e+00   7.0029315e-01  -1.0503309e+00   5.6718316e-01  -4.8824047e-01  -8.9648083e-01
   2.0000000e+00   1.0935161e+00  -7.7667776e-01  -6.0976478e-01  -8.8173684e-01  -3.2449532e-01   4.1025280e-01
   2.0000000e+00   1.8151683e+00  -2.3875527e+00   1.7874496e+00  -2.7632857e-01  -6.9532393e-01   5.4668843e-01
   2.0000000e+00   1.4266035e-01  -7.2617180e-01   3.4962828e-01   9.4795575e-02  -2.0067286e+00   2.0342053e-01
   1.0000000e+00   7.6405160e-01   1.1128634e+00  -9.5164271e-01   8.2015204e-02  -8.0537367e-01   7.2806813e-01
   2.0000000e+00  -1.6865757e+00   1.3339421e+00   2.8563147e-01   1.1306110e+00  -7.2025211e-02   1.2600268e-01
   2.0000000e+00  -1.2811065e+00   1.1557217e+00  -1.5817514e+00  -1.5020776e+00  -9.7759828e-01   4.8197278e-01
   2.0000000e+00   1.3759000e-01   4.6763385e-01  -1.5669543e+00   1.2437349e+00  -5.7728813e-01  -8.0206129e-01
   2.0000000e+00  -9.2681443e-01   1.7935604e-01   5.8619965e-01   1.4553985e+00  -3.4629288e-01  -1.2164887e+00
   1.0000000e+00  -1.5704497e+00  -1.0665110e+00  -1.8369530e+00   5.4475319e-01   1.4984941e-01  -4.6289811e-01
   2.0000000e+00  -2.1593563e-01   7.1041818e-01  -3.8098068e-01  -9.1912706e-01   7.2027645e-02  -9.7840584e-01
   2.0000000e+00   1.0286672e+00  -7.6569175e-01   1.2004106e+00  -1.2153324e+00  -6.1361144e-01   4.3723215e-01
   2.0000000e+00  -5.4326295e-01   4.7343111e-01  -9.2275734e-01  -4.8445761e-01  -1.1820948e+00  -3.4135502e-01
   2.0000000e+00  -2.5213363e-01  -1.3689072e+00   2.3132105e+00  -4.3074085e-01  -1.2308484e+00   2.0247812e-01
   2.0000000e+00   2.2733773e+00  -1.1882997e-01   1.1621825e+00   2.8984933e-01   3.8989626e-01   4.4071671e-01
   2.0000000e+00   1.7237599e+00   1.2559466e+00  -1.6244848e+00   9.3433754e-01  -4.7789372e-01   5.8929631e-01
   2.0000000e+00  -7.7272035e-01  -3.0909732e-01   9.8513362e-01   9.6055460e-01   6.0587911e-01   1.1666226e-01
   2.0000000e+00   1.3930939e-02   4.0722721e-01  -1.4799116e+00   1.0137238e+00   5.4067902e-01  -1.7338734e-01
   2.0000000e+00  -2.2377980e+00  -6.7723984e-02  -1.1326780e+00  -4.7574826e-02   9.3367004e-01  -5.2826907e-01
   2.0000000e+00   5.0716638e-01  -4.2095435e-01   1.9204936e+00  -1.4830794e-01   6.2557432e-01  -1.6447257e+00
   1.0000000e+00   9.4914826e-02   2.5494335e-01   1.0129575e+00   1.5506281e-01  -2.9332020e-01  -6.9038615e-02
   1.0000000e+00   3.7983585e-01  -5.0231975e-01   2.0308308e+00   4.4971781e-01   6.3440103e-02  -4.8749342e-01
   2.0000000e+00   1.3449343e+00   5.7222234e-01   1.2533407e+00  -1.0042095e+00   2.9250394e-01   4.1702315e-01
   1.0000000e+00   5.7280870e-01  -7.0052714e-01   2.7229727e-01   6.7403083e-01  -8.5423997e-02   6.1846113e-01
   2.0000000e+00  -1.4100990e+00  -8.0574949e-01   1.5395479e+00  -5.3016996e-02  -1.0068118e+00  -5.2399920e-01
   2.0000000e+00  -1.6189902e+00  -4.3081309e-01  -1.7013040e+00  -1.7767922e+00  -4.7065364e-01  -1.1312053e+00
   2.0000000e+00   1.8455085e-01   9.7560560e-01   5.1672871e-01  -6.1152432e-01   1.8072150e+00   4.6529012e-01
   1.0000000e+00  -6.2931644e-01   4.8763002e-01  -4.3519609e-01   7.6254975e-02  -4.3264270e-01  -2.3181596e-01
   2.0000000e+00  -9.4376607e-01   9.1243274e-01   5.9370133e-02   4.3997834e-01  -1.1625624e+00   1.3694668e+00
   2.0000000e+00  -2.2469451e+00   2.1727081e+00   1.1194794e+00   6.1905471e-01   1.3022353e-01   9.3504193e-01
   1.0000000e+00  -7.3667377e-01  -3.5952499e-01   1.6034409e+00   3.5640446e-01  -3.8636951e-01  -1.0429360e-01
   2.0000000e+00   8.5235355e-01  -5.4778020e-01  -4.9099910e-01   7.6586387e-01   1.6006530e+00  -1.6939017e+00
   1.0000000e+00  -6.5478293e-01   8.5404950e-01  -9.4628883e-01   2.2639131e-01   5.9127338e-01   2.4651552e-01
   2.0000000e+00  -5.5045076e-03  -1.8360678e-01  -2.1348158e-01  -4.1254524e-01   4.9150531e-01  -6.8119525e-01
   2.0000000e+00  -6.3840464e-01   5.9038550e-01   7.2925201e-01   1.0600076e+00  -6.4757085e-01  -4.3714687e-01
   1.0000000e+00   2.2593353e-01   7.3675472e-01  -1.4547490e-01   5.0289897e-02   9.9277093e-01  -5.7190522e-01
   2.0000000e+00  -1.3650673e-01   8.2755954e-01  -9.2664662e-02  -8.0012063e-02  -7.9045275e-01  -9.1315628e-01
   2.0000000e+00   1.2273184e+00  -1.2401747e-01   7.3462170e-01  -1.1609057e+00   1.2272388e+00  -1.3055147e+00
   2.0000000e+00  -1.0807567e+00   1.9550775e+00  -6.8319330e-01   8.0402910e-01  -2.2013878e+00  -2.8472471e-02
   2.0000000e+00   3.6465166e-01  -1.3893875e-01   9.0225239e-01  -7.6576596e-01   1.4875107e+00  -2.3466165e-01
   2.0000000e+00   1.5120096e-01  -1.5063210e+00   6.8601652e-01   8.6266270e-01  -7.0372413e-01   1.5229920e+00
   2.0000000e+00  -1.7498401e+00  -6.3042567e-01  -2.4291496e-01  -1.2846646e+00  -1.8461863e-01  -6.1515512e-01
   1.0000000e+00   3.1455853e-01   7.9044728e-01   1.7945450e+00   2.3065110e-01  -1.4376835e-01  -7.7766152e-01
   2.0000000e+00  -1.0531345e+00   1.4020723e+00  -1.8351324e+00  -4.0088342e-01   3.1185153e-01   1.8421548e-01
   2.0000000e+00  -1.3439284e+00  -3.5666574e-01   1.4618850e+00  -8.9729694e-02   2.9156315e-01   8.5429339e-01
   2.0000000e+00  -8.0484443e-02   1.7279341e+00  -2.8468732e-02  -1.3985692e+00   1.6175029e+00   1.2980303e+00
   2.0000000e+00   1.1756452e+00   1.4195317e-01  -1.2689507e+00  -5.5983465e-01  -8.2244497e-02  -5.1192557e-01
   1.0000000e+00   4.9940703e-01  -5.2827951e-01   3.0553379e-01   9.5870068e-01   2.5217225e-01  -3.1607714e-01
   2.0000000e+00   1.5055850e+00   1.0211841e+00  -1.1804959e+00   2.3056103e+00   5.6161994e-01   3.0343493e-01
   1.0000000e+00  -4.1633804e-01  -3.5034329e-01   2.3974497e+00   6.9445913e-01   2.6124469e-01  -2.3642323e-02
   2.0000000e+00   6.8363657e-03  -1.2103628e+00   6.2690289e-01  -1.8526328e+00  -2.4445681e-01  -5.6783982e-01
   2.0000000e+00   5.1080334e-01  -2.9045343e+00  -1.8990440e+00  -4.6779241e-01   6.0011136e-01   6.6427150e-01
   2.0000000e+00   8.8192801e-01   7.3844715e-01  -7.5209310e-01   4.1730438e-01  -9.2435904e-01   1.2295724e-01
   2.0000000e+00  -6.8077549e-01   5.4292139e-01  -8.7129431e-03  -6.8928089e-01  -3.8542905e-01   8.0918235e-01
   2.0000000e+00  -4.1415452e-01  -9.8696634e-01  -4.6836190e-01   2.0610308e+00   5.0663150e-01  -2.0861982e-01
   2.0000000e+00  -1.0213678e-01  -1.1989905e+00   5.1262431e-01  -6.0546104e-02   3.0290592e-02   7.4960187e-01
   2.0000000e+00  -6.5598415e-02  -2.2271272e+00  -1.9454958e+00   1.2850736e+00   6.4218547e-01   7.2105809e-01
   1.0000000e+00   3.1006917e-01  -8.3670072e-01   1.0226372e+00   2.8566532e-01  -5.0712903e-01  -2.5000711e-01
   1.0000000e+00   4.0130342e-01  -5.7674996e-01  -1.6066170e+00   7.3082136e-02  -8.2202737e-01  -1.3107345e+00
   2.0000000e+00  -3.7378127e-01   9.1467075e-01  -1.1005335e+00   1.8338772e+00   3.3043872e-02   4.4758145e-01
   2.0000000e+00   2.1275442e-01  -1.6011585e-01  -7.5787247e-01  -1.2033663e+00  -2.0617096e-01  -7.0283437e-02
   2.0000000e+00   8.7332140e-01   2.0931585e+00   2.5468812e+00  -4.9732442e-01  -1.4482654e+00   1.1899584e+00
   2.0000000e+00  -1.1993572e+00  -6.7196665e-01  -4.3637687e-01  -1.5705331e+00  -2.8193285e-02  -2.5428180e-01
   1.0000000e+00  -5.2082296e-01  -1.1144452e+00   1.3453316e+00   2.7697418e-01  -7.8570833e-02   3.8844165e-01
   2.0000000e+00  -2.3716980e+00  -2.5807631e-01  -1.0125153e+00   4.3039157e-01  -1.5458900e+00  -6.2135368e-02
   2.0000000e+00   1.2743220e+00   1.8219560e-01  -1.0196807e-01   5.3340835e-01  -2.0837959e+00  -5.7997139e-01
   2.0000000e+00   1.0040187e+00   1.6368048e-01   1.5737604e+00   1.0629404e+00  -5.2588349e-01  -2.4240115e-02
   2.0000000e+00  -4.9355179e-01   1.6675840e-01  -5.2848899e-01  -1.2886096e+00   1.6303773e+00   4.5955487e-01
   2.0000000e+00  -4.9012115e-01   4.3002869e-01   7.8785369e-01   1.4297987e+00   4.2236704e-01  -2.6981641e-01
   2.0000000e+00   2.1645409e+00   5.7855870e-01   8.1879165e-01  -1.8470264e+00   2.0005518e+00  -5.2320455e-01
   2.0000000e+00   1.9983490e-01  -3.3164387e-01   4.9983995e-01   5.4191066e-01  -9.8517370e-01   6.5043836e-01
   2.0000000e+00  -1.5908290e+00  -1.0747036e+00  -9.6932813e-01  -1.9337321e+00   7.9900279e-02  -9.0494871e-01
   2.0000000e+00   1.2335287e+00   9.4335343e-02  -3.2405076e-01   8.0891013e-01  -1.1228663e+00  -1.3794960e+00
   2.0000000e+00   4.2629010e-01   1.1408669e+00   6.0295597e-01   2.4662856e-01   1.7036153e+00   1.1074542e-01
   2.0000000e+00   1.2305734e+00   2.1664939e+00  -3.7423902e-01   1.2037697e+00  -1.2184630e+00  -1.1643946e+00
   1.0000000e+00   1.3111310e+00  -1.4390997e-01  -4.0894527e-01   6.7834400e-01   1.7784685e-01  -1.5274036e+00
   2.0000000e+00  -2.3536766e+00  -1.3617240e+00   1.9487716e+00   1.2886835e+00   4.8634281e-01   1.0408045e-01
   2.0000000e+00  -2.5332773e-01  -1.6149559e+00   7.2220012e-01  -5.9464597e-01  -1.0543342e+00   5.5504297e-01
   2.0000000e+00   2.3909211e+00  -7.0588686e-01   3.4343845e-01  -1.5890234e+00   1.1619211e+00  -5.9023138e-01
   2.0000000e+00   2.7139041e-02  -1.2933674e+00  -9.3350234e-01  -2.0053293e+00  -6.6299568e-01   4.3520840e-01
   2.0000000e+00  -5.5628175e-01  -3.3602898e-01   5.4869944e-01   2.0288881e+00  -1.3246872e+00  -1.3541035e+00
   2.0000000e+00   7.6021392e-02  -1.3669671e+00  -1.6813550e+00   1.1334390e+00   1.2063792e-01   1.9171658e-03
   1.0000000e+00   1.3068248e+00   4.2104442e-01   7.7113958e-01   7.6308331e-01  -2.2340122e-01  -1.1598972e+00
   1.0000000e+00  -8.3787354e-02   1.6321156e+00   6.5024885e-01   5.2624677e-01   4.5062947e-02  -9.4382835e-01
   2.0000000e+00   1.5697722e+00   1.2076840e+00   1.9239491e-01  -9.7967935e-01  -4.6834281e-01  -9.2060701e-01
   2.0000000e+00  -8.0385679e-01   1.4828422e-01   1.5615252e+00   1.3700371e-01   1.0937537e+00  -2.2983856e+00
   2.0000000e+00  -1.3081103e+00   3.8226888e-01  -7.9298413e-01  -2.6664364e-01   7.6461295e-02   7.2441739e-01
   1.0000000e+00  -7.3901946e-01  -2.3224704e-01   1.8171201e+00   4.5515324e-01   6.0623464e-01  -1.7436074e+00
   2.0000000e+00  -5.6466946e-01  -1.1124750e+00  -2.5349831e-02  -5.6554813e-01  -1.4682137e+00  -3.0053607e-02
   2.0000000e+00   2.0779902e-01  -1.2613656e+00  -5.1234256e-01   2.4716386e+00   1.1680497e+00   3.2527548e-01
   2.0000000e+00   1.9300244e+00  -6.7743819e-01   1.6374689e+00  -1.2457155e+00  -5.4503147e-01  -9.1757058e-01
   2.0000000e+00  -1.3251455e+00   2.3351335e-01  -1.8761206e+00   7.8382280e-01   1.2254904e+00  -3.6070565e-02
   2.0000000e+00  -1.8380837e+00  -1.7372067e+00  -1.1608962e+00   6.5748076e-01  -1.0837328e+00   2.1649132e+00
   2.0000000e+00  -8.0768934e-01  -3.8908951e-01  -6.9853522e-02  -2.8111670e-01   1.0792021e-01   1.0151282e+00
   2.0000000e+00  -1.6572821e+00   1.9344886e-01   1.3180480e+00   3.0613551e+00  -2.4687507e+00  -4.3189770e-01
   2.0000000e+00   1.6888670e-01   4.0998386e-01   5.4087813e-01  -4.3657237e-01  -6.2872925e-01  -7.2289804e-01
   2.0000000e+00  -9.2378306e-02   6.1421369e-01   4.6725295e-01  -1.2856618e-01   7.8051625e-01  -2.7876762e-01
   2.0000000e+00  -9.0895231e-01   2.1464841e+00  -4.2994893e-01   2.1854289e+00   2.6210183e-01  -9.5862976e-01
   2.0000000e+00   5.6711847e-01  -5.8342857e-01  -3.1690458e+00   1.6943183e+00   1.1572155e+00   5.0807800e-01
   2.0000000e+00  -1.4288575e+00   5.5574081e-01  -1.6160649e+00  -1.4898267e+00   4.7940850e-01  -3.5892347e-01
   2.0000000e+00  -2.5291268e-01  -1.6114894e+00   7.4096662e-02   1.1161206e+00  -1.2423515e+00  -2.4747312e+00
   1.0000000e+00   2.6538881e-01   9.3855231e-01   1.6142671e-03   4.2533367e-01   4.3017612e-01   1.3627819e+00
   1.0000000e+00  -2.1604057e-01  -5.1351594e-01   1.1381875e+00   5.4310950e-01  -4.2124211e-02   1.8590273e-01
   2.0000000e+00   8.2303570e-02   7.7114632e-01   5.2808952e-01  -5.5918845e-01   1.8006446e+00   8.5711361e-01
   2.0000000e+00  -4.3757843e-01   2.7519999e+00   8.1465413e-01  -1.3180811e+00   5.2977147e-01  -2.6419245e-01
   2.0000000e+00  -5.8785949e-01  -8.2920242e-01   4.0600799e-01  -1.3680365e+00   9.8547463e-01  -5.2679007e-01
   2.0000000e+00  -2.7551229e-01  -3.3842719e-01  -3.5433912e-01  -1.1753967e+00   4.8832751e-01  -5.7985570e-01
   2.0000000e+00   1.5546739e-02   1.7620256e+00   4.6203954e-01  -6.0676148e-01  -4.4308677e-01  -2.3985041e+00
   2.0000000e+00  -5.6337485e-01   1.4277833e+00   6.3254509e-01  -1.1797383e+00   7.1707188e-01   5.5895101e-01
   2.0000000e+00   7.5856135e-02   4.3976762e-01  -4.0595832e-01   1.0079164e+00   7.9218119e-01   2.3920601e+00
   1.0000000e+00   8.5990570e-01  -4.1803300e-01   2.8752848e-01   2.4680323e-01   9.3326178e-01   9.5330156e-02
   2.0000000e+00  -2.1799736e+00  -7.8697661e-01   8.9007915e-01   2.2472549e-01  -2.3229423e-01   5.7391472e-01
   2.0000000e+00  -4.8460468e-01  -1.0170364e+00  -3.0540983e-01  -1.2185321e+00  -1.4222736e+00   1.1798745e+00
   1.0000000e+00   8.5770632e-02  -8.2200928e-01  -8.2357468e-01   7.2960243e-01   6.3681454e-01   3.0674168e-01
   2.0000000e+00  -7.2332450e-02   2.8047958e-01   1.9727166e+00  -2.5110522e+00  -5.2058707e-01   1.0679790e+00
   2.0000000e+00   1.8598879e+00   2.8613671e-01  -8.0134248e-01  -6.4324973e-01   1.2231930e+00   1.3595744e+00
   1.0000000e+00   8.9578823e-01   1.6646820e+00   2.9821670e+00   5.9550519e-01  -4.9643607e-01  -1.1179413e+00
   2.0000000e+00   5.6286368e-01   4.8635153e-02   1.4126276e-01   2.0023061e+00   1.3975237e+00   5.6999023e-01
   2.0000000e+00   7.3270141e-01   5.3030616e-01  -8.1400624e-01  -4.1463943e-01   1.7897901e+00   1.1465825e+00
   2.0000000e+00  -1.0324736e+00  -6.9242206e-01  -6.1762416e-01   8.6857380e-01  -1.0009717e+00   5.5245188e-02
   2.0000000e+00   6.5831590e-01   1.6170510e-01  -8.6933775e-01   2.2465880e+00   5.6564836e-01   3.2560686e-01
   2.0000000e+00  -3.0991581e-01  -1.2436949e+00   3.3913327e-01  -6.2535519e-01   9.8921688e-01   8.7902791e-01
   2.0000000e+00  -1.9619479e+00   7.2102768e-01  -3.1277656e-01  -7.0179478e-01   3.4010986e-01   1.1448905e+00
   2.0000000e+00  -2.1529434e+00  -1.4748873e+00  -4.0443200e-01   2.3140254e+00  -9.2432504e-01   1.1825814e-01
   2.0000000e+00   7.4614897e-01   1.2539819e-01  -1.4968235e-01   1.1788003e-01  -1.3363390e+00   5.7974815e-01
   2.0000000e+00  -6.4975357e-01   1.0318038e+00   7.4129318e-01   1.1406713e+00   1.2256467e+00  -1.6528885e+00
   1.0000000e+00  -2.3671885e-02   3.9291293e-01   9.2898832e-01   3.0782138e-01   3.7119127e-01   5.9904978e-01
   2.0000000e+00  -3.3601083e-01   5.9238613e-01  -7.6472454e-01   7.4951113e-01  -1.5789849e+00  -1.5651361e+00
   2.0000000e+00  -1.0401603e+00  -4.8455226e-01  -1.5599981e+00   6.5765229e-01  -1.1245678e+00   2.9862807e-01
   2.0000000e+00  -5.3673568e-01  -2.6926085e+00  -1.1795661e+00   4.3701246e-01   1.0233698e+00   4.7450358e-02
   2.0000000e+00   4.1615209e-01  -4.8204520e-01  -9.9906987e-01  -2.7911200e+00  -6.2056066e-01  -5.7541652e-01
   2.0000000e+00  -2.2430056e+00   3.9562172e-01  -6.8350354e-01  -5.3172534e-01   9.7023084e-01   3.4179536e-01
   2.0000000e+00   3.0598739e-01  -1.5384235e+00  -1.2774187e+00  -4.5365077e-01   9.7860466e-01   9.1434853e-01
   2.0000000e+00  -9.0925986e-01  -8.1963693e-01  -6.5116534e-01  -8.8176419e-01  -7.8575649e-01   2.0462725e-01
   2.0000000e+00   9.1024976e-01   1.6502422e+00   2.3355281e-01  -7.7932397e-01   1.1331058e+00  -6.0356465e-01
   2.0000000e+00  -5.3673938e-02  -1.0967271e-01   6.2027096e-01  -5.0958553e-01   7.9532630e-01  -1.1733972e+00
   2.0000000e+00  -1.5254335e-01   7.1440670e-02   5.0316767e-02  -1.2049659e+00  -1.5402211e+00   3.8564819e-01
   1.0000000e+00  -9.7206445e-01  -1.5043382e+00   6.1844577e-01   4.4462164e-02   3.2429768e-01  -1.2126049e+00
   2.0000000e+00  -1.1246290e+00  -4.7037931e-02  -8.8110403e-01  -7.9229596e-01   8.1456872e-01  -9.0426288e-01
   2.0000000e+00   1.1297377e+00   9.4944568e-01  -6.0725958e-01  -7.6176800e-01   9.4294320e-01   3.3609297e-02
   2.0000000e+00  -1.0496427e+00  -1.7669131e+00  -3.8140026e-01  -1.6330649e+00  -4.3946200e-01  -1.8874986e+00
   2.0000000e+00   1.0290264e+00  -3.9625729e-01  -8.0770493e-01   8.7813229e-01   9.3819497e-01  -1.5334875e-01
   2.0000000e+00   1.0513635e+00  -3.1386280e-01  -3.5820350e-01  -1.8476961e+00  -1.3071100e+00  -1.8861305e+00
   2.0000000e+00   9.1612802e-02   3.8301367e-01  -1.5881788e-01   7.9659330e-01  -1.0064933e+00   1.7776829e+00
   2.0000000e+00   5.0626794e-01   1.3468129e+00  -1.1360812e+00  -3.1321301e-03   1.3451734e-01   1.6214025e-01
   1.0000000e+00  -3.9507488e-01   1.7139903e+00   1.8311486e+00   6.3458641e-01  -1.5840073e-01   2.3579506e-01
   2.0000000e+00  -5.2377659e-01   5.2211395e-01   1.3369526e+00  -6.5162464e-01  -4.4143350e-01   8.0099891e-02
   2.0000000e+00   1.2930575e+00   1.5471695e+00   1.3684432e+00   5.3695366e-01   9.4125865e-01   1.3927384e+00
   2.0000000e+00  -2.6387758e+00  -6.1448709e-01   9.0119789e-01   9.3974207e-01   8.0038627e-01   4.3475613e-02
   1.0000000e+00  -4.0972202e-01  -2.5568436e-01  -8.0788404e-01   2.2488608e-01  -6.1307784e-01   1.1868074e+00
   1.0000000e+00  -2.2760104e-01  -1.1290205e+00   4.0862568e-01   1.6332510e-01  -5.9538253e-01   8.4080049e-01
   2.0000000e+00  -7.8263316e-01   2.2362782e+00   1.1862214e-01   2.9722270e-02   1.3034574e+00  -2.0491661e+00
   2.0000000e+00   1.3795805e+00  -1.8669770e+00   4.9839514e-01  -1.3317793e-01   5.1920933e-01  -1.4228757e-01
   1.0000000e+00  -4.7812097e-02   4.6587836e-01   1.6095897e+00   1.6304891e-01  -4.7738311e-01  -6.4346108e-01
   2.0000000e+00   5.2938951e-01  -3.8238060e-01  -5.8785884e-01  -3.5915544e-01  -1.2983586e+00   1.6842157e+00
   2.0000000e+00  -4.6320877e-01   4.4943297e-01   1.0741333e+00  -1.7318182e+00   2.3476702e-01  -1.2946602e+00
   2.0000000e+00   3.1314988e-01  -1.5815674e+00   5.6652116e-01   1.0666192e+00  -5.2450498e-01   4.7094645e-01
   2.0000000e+00  -2.4484628e+00  -1.7858062e+00   5.0861807e-01  -6.4102218e-01  -1.1010758e+00  -4.4661093e-01
   2.0000000e+00   1.2399215e+00   3.0338510e-01  -1.5067577e-01  -9.9074691e-02  -1.0431982e-01  -9.2887117e-01
   2.0000000e+00   7.2632454e-01   1.9711884e+00  -1.3056814e+00  -1.6463813e-01  -2.1618889e-03   1.7953408e-01
   1.0000000e+00  -7.3173891e-01   4.8570431e-01  -4.2720148e-01   6.3597099e-01   1.0485327e-01  -1.4245819e+00
   2.0000000e+00   9.4850106e-01   6.3369892e-01  -8.9898188e-01   1.5023466e+00  -6.3749872e-01  -7.5563563e-01
   2.0000000e+00   1.0091981e+00  -7.2937767e-01  -3.5949676e-01  -2.1854193e+00   1.0611414e-01   1.6061862e+00
   1.0000000e+00  -1.2567548e+00   3.3374021e-01   1.7836444e+00   2.8846792e-01   5.1537070e-02  -5.0917660e-01
   2.0000000e+00   6.7098379e-01  -6.1973111e-01  -1.5622701e+00  -4.0600813e-01  -8.9177989e-02  -4.5300094e-01
   2.0000000e+00   2.9604665e-01  -6.7955920e-01  -7.0681080e-01  -1.3708428e+00   8.8916966e-02  -5.5412178e-01
   2.0000000e+00  -5.3207606e-01  -9.0536510e-01   9.4956380e-01  -3.5922072e-01  -3.6082626e-01   1.3322399e+00
   2.0000000e+00  -8.9483210e-02  -3.4810251e-01  -1.2393417e+00  -1.6102807e-01   1.3373666e+00   2.0650444e+00
   2.0000000e+00   1.8581118e+00   8.6124694e-01   1.1862697e+00   2.2310807e+00   5.4643111e-01  -1.1003281e+00
   2.0000000e+00  -1.8146497e-01   2.2291798e+00   6.7866490e-01  -1.4649030e+00  -8.0058740e-01  -5.4487367e-01
   2.0000000e+00  -7.0973854e-01   2.7478170e-01   1.0488458e+00   1.9320276e+00   1.5324577e+00   2.3095595e+00
   2.0000000e+00   6.0482367e-01  -1.5857935e-01   1.6416056e+00   2.7729587e-02  -1.8485224e+00  -3.3538280e-01
   1.0000000e+00   1.0411524e+00  -1.4193822e+00   9.0257838e-01   8.3183153e-01  -4.7481471e-01  -1.8162045e+00
   2.0000000e+00  -5.6547222e-02   8.0654895e-01  -1.8677912e+00  -4.2999342e-01   8.0542347e-01   3.5935281e-01
   2.0000000e+00  -2.2929558e-01   5.9256762e-01   7.8234594e-02  -1.0535283e+00   1.7554945e+00  -9.0357045e-01
   1.0000000e+00   1.0804469e+00  -8.7704061e-01   8.4797950e-01   6.5836402e-01  -5.9778789e-01  -2.1022279e+00
   2.0000000e+00   1.6861359e+00   8.4989587e-01  -2.9023800e+00   7.8504611e-01   2.0848984e+00   1.3052044e-01
   2.0000000e+00  -2.2765373e-01   1.3291109e+00  -7.0536444e-01   9.1947871e-01   1.5509297e+00   5.2873511e-01
   2.0000000e+00   7.2380645e-01  -4.9383605e-01  -1.3446530e-01  -2.3811303e-01   9.4051058e-01  -1.0279424e+00
   2.0000000e+00  -1.8927400e+00  -2.2617715e-02  -5.5962848e-02   9.9150921e-01  -1.7955820e-01  -1.7553223e+00
   2.0000000e+00  -7.0314932e-01   1.4955275e+00   1.2590395e+00  -1.9911974e-01   5.1225229e-02  -2.0967718e+00
   2.0000000e+00  -6.5552430e-01  -2.6564926e-01  -4.4750934e-01   1.3179260e+00   1.8087735e+00   1.3198803e+00
   2.0000000e+00  -1.3858591e+00   5.6795805e-01  -4.5100224e-01   1.4480923e-01   1.3890371e+00   6.3313172e-01
   2.0000000e+00   4.0293548e-02  -3.9967944e-01  -3.8874873e-01  -2.4895855e-01   3.1581797e-01   9.7424254e-01
   2.0000000e+00  -8.3936395e-01  -2.0720476e-03  -2.8415001e-01  -1.6914516e+00   1.8831253e-01  -1.0674269e+00
   2.0000000e+00  -1.0287149e+00  -2.0305916e+00  -1.9001833e+00   2.2956288e+00   1.5588829e+00   7.4100918e-01
   1.0000000e+00   1.1103070e+00  -1.0389242e+00   8.0503117e-01   7.1957762e-01   6.5975431e-01  -1.1616927e+00
   2.0000000e+00   9.0191457e-02  -5.0309231e-02   1.4221468e-02  -4.1468826e-01   4.4860898e-02  -1.0435464e+00
   1.0000000e+00   1.1418980e+00  -7.3513340e-01   2.6680710e-01   2.0347500e-01   1.8587472e-01  -3.1434710e-01
   2.0000000e+00   3.0402532e-01  -1.8954107e+00  -2.7101931e-02  -3.1729197e-01   5.4275096e-01  -8.5375438e-02
   2.0000000e+00   1.8561620e+00   6.0925384e-01  -6.4169842e-01  -6.2675090e-01  -5.8732659e-01  -1.0591731e+00
   2.0000000e+00   6.1859679e-01  -4.7952477e-01   1.1863763e-01  -8.2140744e-01  -4.2180093e-01   4.4851691e-01
   2.0000000e+00   6.5186116e-01   7.5112534e-01   1.9522285e+00  -1.5579565e+00  -7.7598564e-01   3.4783564e-02
   2.0000000e+00   9.3734128e-01  -9.8034336e-01   4.3702565e-01   1.3734101e+00   3.5055808e-01   4.1907778e-02
   1.0000000e+00  -8.7309302e-01  -2.2373660e+00  -1.5706524e-02   8.6680917e-01  -1.8000405e-01   1.7519650e+00
   2.0000000e+00  -1.0504171e+00   1.5108311e+00   1.4738110e+00  -1.9520290e-01   4.7578483e-01  -1.4920300e+00
   2.0000000e+00   1.0759451e+00  -4.0961162e-01   7.7304446e-01  -3.8359204e-01  -1.2151404e+00   6.9290756e-01
   2.0000000e+00   9.0319327e-01  -6.1887833e-02  -2.3096046e-01   1.0049691e+00  -7.3032448e-01   1.4945838e-01
   2.0000000e+00  -8.1632867e-01  -6.7212592e-01  -5.3335057e-01  -1.8480610e+00   9.6844096e-01  -7.3776605e-01
   2.0000000e+00  -1.0656362e-01  -3.6491396e-01  -6.5520418e-01  -2.8558974e+00   3.0326255e-01  -9.2335937e-01
   2.0000000e+00  -1.4246725e-02   1.3732595e+00  -5.5861595e-01  -8.5918454e-01   1.4632088e+00  -1.8209882e+00
   2.0000000e+00   5.8150024e-01   1.0965517e+00  -1.7599838e+00  -9.6258380e-01   1.0593965e+00  -1.1583733e+00
   2.0000000e+00   3.4283848e-01  -7.1580227e-01  -4.2243465e-01   1.4048344e+00  -6.6608336e-03  -2.0634103e+00
   2.0000000e+00  -1.4667458e+00   4.7401622e-01  -9.3388072e-01  -8.5342728e-01   5.2716872e-01  -2.9677328e-01
   2.0000000e+00   9.5296398e-01  -3.9106314e-01   3.8481867e+00  -1.7140787e+00  -7.4142010e-02   2.8264197e-01
   2.0000000e+00   9.6192343e-02  -2.7685399e-01  -1.5368649e+00  -1.5280072e+00  -3.0346845e-01   3.0142510e-01
   2.0000000e+00   1.9862858e-01  -4.8539125e-01  -2.2155996e-01  -4.9362847e-01  -9.5616495e-01  -6.9485310e-01
   1.0000000e+00   3.0555478e-01  -5.1703067e-01  -7.0270197e-01   6.9786663e-01   6.3445390e-01  -2.0492024e-01
   2.0000000e+00   2.0411918e-01   1.7430565e+00  -1.5213266e-01  -2.5740185e+00   7.1534384e-01  -3.7611918e-01
   2.0000000e+00  -2.7307607e-01  -1.5889189e-01   2.9045847e-01  -5.2376537e-01  -2.1721421e-01   9.5228008e-01
   2.0000000e+00  -9.9854915e-01   7.6835802e-01   1.2729572e+00  -7.6846471e-01  -1.4062483e-01  -2.0505432e-01
   2.0000000e+00  -2.9465906e-01   2.0607756e-01   1.4591635e+00   1.1655530e+00   2.1287662e-01  -1.8598374e-01
   2.0000000e+00  -4.1727291e-01   6.3794883e-01  -7.4769857e-01   2.0704315e+00   8.2539066e-01   2.6037809e-01
   2.0000000e+00   8.3024390e-01   1.0216441e-01   1.3573310e-01   5.4163898e-01  -1.2660225e+00   3.5215178e-01
   2.0000000e+00   2.4047912e+00  -3.9435551e-01  -5.5330403e-01   7.3866864e-01  -1.1214690e-01  -3.4440699e+00
   2.0000000e+00  -6.9903751e-01  -1.0339568e-01  -8.1487134e-01  -6.3878387e-01   5.5087347e-01  -1.8377676e+00
   2.0000000e+00   8.4331308e-01   2.1095008e+00   1.2808443e+00  -1.0276032e+00   5.6410497e-01   2.3874636e-03
   2.0000000e+00   4.3117789e-01   1.6594027e-01   1.3766834e+00  -8.7274556e-02   7.9262823e-01   9.5375456e-01
   1.0000000e+00   1.5427392e-01  -6.4634180e-01  -1.5760560e-01   7.5369094e-01   3.0271059e-01  -7.1397467e-01
   2.0000000e+00   7.5012601e-01  -3.1143224e-01   9.0039358e-03   2.2138081e+00  -3.0055115e-01   2.4267240e-01
   1.0000000e+00   4.7220525e-01   1.7724775e+00  -7.2945144e-01   2.6844378e-01  -5.7199583e-01  -1.4806107e+00
   2.0000000e+00   1.1575911e-01  -1.1963050e+00   4.9167578e-01  -9.7926694e-01   1.3339442e+00  -2.2483613e+00
   2.0000000e+00  -1.2891855e+00  -1.5221533e-01  -9.9949216e-01  -9.7444735e-01   6.5844902e-01   1.0018918e-01
   2.0000000e+00  -7.7868869e-01  -7.8457798e-01  -1.7062828e+00  -1.1231992e+00   9.4529501e-01   8.0230175e-01
   2.0000000e+00   1.3870124e+00  -1.6063682e+00   1.0930813e+00   6.4334992e-01   1.3950458e+00  -6.8261357e-01
   1.0000000e+00   8.0439373e-01   6.5467644e-01   4.3155343e-01   3.8177120e-01   1.2752096e-01  -2.1070714e-01
   1.0000000e+00   4.6965498e-01   6.2752728e-01   5.1645252e-02   1.4783112e-01  -3.1030892e-01  -4.5936406e-01
   1.0000000e+00   1.3232625e+00   7.5919262e-01   9.0007320e-01   4.8134183e-01   2.4100587e-01   3.4818940e-01
   2.0000000e+00   4.4765164e-01   8.3198477e-01  -1.3016480e-01  -9.3540008e-02   6.2946168e-01   3.3454342e-01
   2.0000000e+00   7.7204655e-02  -4.8737009e-01  -1.0708390e+00  -5.3822451e-01  -1.7668858e+00  -1.0192763e+00
   1.0000000e+00  -3.0057406e-01   3.4553093e-01   1.2775805e+00   4.3829144e-01   8.6720348e-01   2.8239355e+00
   2.0000000e+00  -5.0934498e-01  -1.4473323e+00  -2.1990976e+00   5.8705037e-01  -1.6872841e+00  -1.8487520e-01
   2.0000000e+00  -7.9462367e-02  -2.1638967e+00   1.2714327e-01  -1.0286676e+00  -1.1052431e-01  -5.0342311e-01
   2.0000000e+00  -1.5089972e+00  -1.7266465e-01   2.2764130e+00  -2.3270081e+00  -2.2852584e-01  -9.3995994e-01
   2.0000000e+00  -2.8618503e-01   1.4941113e+00  -1.3777569e+00  -6.5607189e-01  -1.9479363e+00   7.9041178e-01
   2.0000000e+00   1.3723963e+00  -1.4544805e+00   6.4978667e-03  -1.1575090e+00  -4.5549334e-01  -7.3263493e-02
   2.0000000e+00  -1.7062617e-01  -4.7981087e-01  -6.2520914e-01  -9.0062653e-01   4.9848676e-01   3.1345056e-02
   2.0000000e+00   1.7660918e-01   1.6444789e+00   1.6749200e+00   9.7658190e-01   8.3472283e-01   1.6841632e+00
   2.0000000e+00   2.7415603e-01   2.1261516e+00  -5.8134477e-02  -7.5864557e-01  -9.6568495e-01  -3.3836004e-01
   2.0000000e+00   2.1994088e+00   1.5298085e+00   4.6514518e-01  -1.1084519e-01  -1.3078859e+00  -9.5033353e-01
   2.0000000e+00  -1.0475294e+00   6.7672124e-01  -3.7834409e-01   2.8721061e+00   1.3583126e+00  -5.8560336e-01
   1.0000000e+00  -1.3607695e+00  -4.2994197e-01  -2.1802244e-01   2.3042302e-02   8.3791571e-02  -1.2676910e+00
   2.0000000e+00   6.4033743e-01   6.1048549e-01   2.0409093e+00  -9.9489413e-01  -6.2407935e-01  -1.7162123e+00
   1.0000000e+00   8.2090867e-01  -5.9688820e-01   8.6562345e-01   2.1888430e-01  -3.1495101e-01   8.0563520e-01
   2.0000000e+00  -5.4395991e-01   1.1129133e+00   1.7322841e+00  -1.4421228e+00  -6.2316861e-01   1.2627199e+00
   2.0000000e+00  -9.1793411e-01   2.0493805e-01  -4.9283007e-02  -7.6149304e-01   2.8190584e-01   3.4819075e-01
   2.0000000e+00  -1.8926715e-01  -9.2674469e-01   9.8173611e-02  -5.4609423e-01   6.6664430e-01   1.8595820e+00
   2.0000000e+00  -7.1366670e-01   1.1089715e-01   9.1188621e-01   1.1821099e-02  -1.6515116e+00  -1.5756445e+00
   2.0000000e+00   4.9722505e-01   8.9305478e-01   5.1303995e-01   1.2071661e+00  -1.9623662e+00  -1.3440261e+00
   1.0000000e+00   2.0116102e-01   1.5905265e+00  -7.2292594e-01   1.5687396e-01  -4.4804987e-02   8.9710490e-01
   2.0000000e+00  -3.3317629e+00  -1.4237375e+00  -8.9365120e-01  -1.9506907e-01  -3.9248085e-01   1.9426814e+00
   2.0000000e+00   1.2395092e-01  -7.5030291e-01  -8.2532304e-02   2.2814177e-01   1.4040526e+00   1.4732354e-01
   2.0000000e+00  -9.8551066e-01   3.3396461e-01   3.7380872e-01  -1.2008883e+00  -2.2229933e-01   1.7060100e-01
   1.0000000e+00  -7.5112696e-01   8.0437207e-01   3.0078781e-01   4.1075248e-01  -2.8488992e-01   1.1608810e+00
   2.0000000e+00   2.2270827e-01   2.7370956e-01   3.4134314e-01  -6.2848660e-01  -1.0462401e+00   4.7960424e-01
   2.0000000e+00  -6.2037122e-01  -3.7287208e-01   1.8176310e+00   4.9104045e-01   1.4655867e+00  -4.4139785e-01
   2.0000000e+00  -1.3384928e+00   3.6562745e+00   1.6460730e+00  -3.5584640e-01   1.1129011e+00  -6.2221766e-01
   2.0000000e+00  -1.9823192e-01  -1.7436375e+00   1.2577053e+00  -9.0824021e-01  -3.3255560e-01   4.2346351e-01
   2.0000000e+00  -7.4618275e-01   1.7253920e+00  -8.0365666e-02  -1.7231630e+00  -3.6948248e-01  -5.2139566e-01
   1.0000000e+00  -4.3416935e-01  -1.5770899e-01   8.3925485e-01   1.6034790e-01   7.3316333e-01  -1.4163148e+00
   2.0000000e+00  -1.6800429e+00  -1.2321913e+00  -1.8529338e+00   4.6412367e-01  -1.1944530e+00   1.7627743e-01
   2.0000000e+00   8.9311320e-01  -4.0110327e-01   5.0242066e-01  -5.8017294e-01  -4.4823676e-01   5.0288047e-01
   2.0000000e+00  -2.3401790e-01   1.0766179e+00  -1.0387617e+00  -1.3652202e+00  -5.5173775e-01   5.8482443e-01
   2.0000000e+00   1.1470662e-01   8.8560456e-01  -1.2807688e+00  -1.1670736e+00  -1.1879317e-01   1.3093469e+00
   2.0000000e+00  -1.2045328e+00  -1.9428674e+00  -5.6625462e-01   1.0306567e+00   2.5154532e+00  -2.7664611e-01
   2.0000000e+00  -1.5743771e-01   8.1325828e-01   1.8021159e+00  -7.3957770e-01  -1.2678079e+00   5.4041000e-01
   2.0000000e+00   1.2834036e+00   4.2813030e-01   1.5780536e+00   2.8318385e-01  -1.5081174e+00  -1.0348636e+00
   2.0000000e+00  -8.2462463e-02   1.0523399e+00   4.2984229e-01  -1.5963395e-02   1.6354474e+00   2.6688756e+00
   1.0000000e+00   1.1243973e+00   1.6843060e+00   2.0002255e+00   9.9663814e-01  -5.4596335e-02   4.8258061e-01
   2.0000000e+00   5.6526240e-01  -2.4421267e+00   6.5941279e-01  -5.5167813e-01   6.2670138e-01  -4.8134725e-01
   2.0000000e+00   1.7612880e-01   1.2918382e+00  -6.4804341e-01   1.9720000e-02  -1.0858065e+00  -5.3963062e-01
   2.0000000e+00   1.7210881e-02  -7.1919550e-01   6.4664816e-02   1.7339383e+00  -7.4033459e-01   6.8932550e-01
   1.0000000e+00  -2.8406380e-01  -7.5450642e-01  -6.9268157e-02   7.3826529e-01   1.6497551e-01  -9.1017890e-01
   2.0000000e+00   9.7967240e-01  -8.7912786e-01  -1.0504249e-01   2.1906453e+00  -4.4685710e-01  -1.6481882e-01
   2.0000000e+00   5.4288515e-01   2.1810928e-01   1.3278613e+00   2.3452498e-01   1.5504988e+00  -6.3351933e-01
   1.0000000e+00  -1.3282487e+00  -3.5161536e-01   1.8911752e-01   6.9114118e-01   5.4739367e-01  -1.2333062e-01
   2.0000000e+00   1.3946605e+00   3.6844617e-01  -1.6937758e+00   1.1084478e+00  -4.5666902e-01   9.0440923e-01
   2.0000000e+00   3.2123797e-02  -7.7926207e-01   1.9061581e+00   9.7799369e-01  -6.7355200e-01  -1.2874705e-01
   2.0000000e+00   7.2967272e-01   1.6755352e+00   5.7270183e-01  -9.3380730e-01  -3.8916723e-01   4.0284198e-01
   2.0000000e+00   5.1024764e-01   1.7184961e-01   1.5357328e+00  -2.0562170e+00   7.0898585e-01  -1.2053940e+00
   1.0000000e+00   1.2575424e+00  -1.1245970e+00   4.1228619e-01   5.8313627e-01   6.0009599e-01   1.2939896e+00
   2.0000000e+00  -9.4980835e-01   2.0851433e-01   2.3883334e-01  -8.5082045e-01   8.0341816e-01   3.2158698e-01
   2.0000000e+00  -1.8798283e-01  -1.1590759e-01   1.7440949e+00   2.1313199e+00  -1.1401877e+00   1.2348184e+00
   1.0000000e+00  -3.0867557e-01   1.0777565e+00  -1.6054595e+00   5.4400365e-01  -3.7543740e-01  -4.0668167e-01
   2.0000000e+00   1.4739236e+00  -6.8288384e-01  -7.3050338e-01   7.0508025e-01   1.1331335e+00   9.7102678e-01
   2.0000000e+00   2.3218900e+00   9.2587614e-01   4.8483463e-01   7.2800304e-01  -1.4857385e+00   3.8200351e-02
   2.0000000e+00  -3.5920000e-01   5.0175364e-01  -1.6191124e+00   1.1549878e+00   4.5865851e-01   1.2628460e+00
   2.0000000e+00   4.4098230e-01   1.7854317e+00   3.7064842e-01  -3.0053551e-01  -1.0251684e+00   4.7223023e-01
   2.0000000e+00  -1.3995524e+00  -6.7031836e-02   5.7340838e-01  -6.5824784e-02   8.4432561e-01   6.5191734e-01
   1.0000000e+00  -1.2120909e-01   1.3673070e+00  -2.0493061e-01   2.2263143e-01  -3.2292900e-01   1.4290949e+00
   2.0000000e+00  -9.3123703e-01  -2.1390414e-01  -3.2851895e-01   1.0593354e+00   1.7691473e+00  -1.7178376e-01
   1.0000000e+00   4.6175191e-01   8.9760719e-01  -1.0191134e+00   4.9325105e-01  -1.9588061e-01   4.5199546e-01
   2.0000000e+00   2.0211938e+00  -1.2476107e+00  -5.2581195e-01  -5.2148975e-01   6.6832990e-01  -6.2377075e-01
   2.0000000e+00  -3.3396343e-02  -4.6298888e-01   5.5385485e-01   9.5490905e-01  -1.1252905e+00   1.8121866e-01
   1.0000000e+00   3.8759250e-01   4.1680671e-02   3.8119789e-01   2.7897328e-01  -4.0062751e-01  -3.1003766e+00
   2.0000000e+00   9.9086484e-01   6.0759178e-01  -1.0598354e+00  -1.0024608e+00   3.4967986e-01  -9.3852278e-01
   2.0000000e+00  -9.4530516e-01  -8.2876129e-01   4.1302897e-01   3.1289511e-02  -2.5586017e+00   1.4611358e-01
   2.0000000e+00  -1.6075469e+00  -4.5913713e-01  -4.5111387e-01  -1.1322097e+00   2.0755044e-02  -1.2414836e+00
   2.0000000e+00  -3.5823708e-02  -1.1798089e+00  -1.2736800e+00  -7.4301457e-01  -7.2632694e-01  -5.4864447e-01
   1.0000000e+00  -8.6352710e-01   2.6912163e+00  -1.3075206e+00   5.9571151e-01  -4.4689040e-01  -1.0734849e+00
   2.0000000e+00   1.3473033e+00  -7.6386622e-01  -9.9705082e-01  -1.9079240e+00   2.0060147e-01   2.9562463e-01
   2.0000000e+00   1.4319563e+00  -2.0450311e-01   5.0827307e-01  -1.4299513e+00   1.8520548e+00   1.5909874e-01
   2.0000000e+00  -6.7660439e-01  -1.7355960e+00  -1.4963667e+00   1.4016790e+00  -1.2006213e+00   3.1015076e-01
   1.0000000e+00   1.2859339e+00  -1.0766269e+00  -1.0218107e+00   4.2375253e-01  -3.2835101e-01  -8.3246070e-02
   1.0000000e+00  -1.3158808e+00   4.6364378e-02  -1.4565640e-01   6.4629391e-01  -5.6487411e-01  -1.0124447e+00
   2.0000000e+00   3.8610102e-01  -8.3179087e-01  -2.3104999e+00   1.0467247e+00  -4.5351178e-01  -8.9530260e-02
   2.0000000e+00   5.8905818e-02   3.2146022e-01  -7.0443036e-01   1.2548212e+00   3.2943379e-01  -1.6997689e+00
   1.0000000e+00  -2.7168259e-02   1.0933820e+00   2.0153940e+00   3.0182310e-01   7.6921250e-01  -6.8527130e-01
   1.0000000e+00  -5.6301507e-01  -4.0522837e-01   1.8664537e-01   8.4825173e-01   8.2490605e-02   3.8187293e-01
   2.0000000e+00  -1.0322138e+00   1.1460582e+00   5.2517968e-01  -7.5382977e-01  -1.0004938e+00  -1.5858700e+00
   2.0000000e+00  -3.0744193e-01   1.1526506e+00   1.4153256e+00  -2.9668990e-01  -7.3900196e-01  -1.5682101e-01
   2.0000000e+00   5.0628297e-01   1.7680243e+00  -2.9529202e+00  -3.2873957e-01   7.9991044e-01   1.8952330e+00
   2.0000000e+00   3.2255975e-01   6.1104974e-01  -1.1418432e+00  -6.8272868e-01  -1.1161198e-01   1.1368705e+00
   2.0000000e+00   1.0368923e+00   4.6122515e-02  -2.0436773e+00  -5.2473937e-01   3.4843013e-01   8.9174356e-02
   2.0000000e+00  -6.3267704e-01   1.9914020e+00   1.6597683e+00   4.4957171e-01   9.6188772e-01  -1.9582265e-01
   2.0000000e+00  -9.2683678e-01   7.1813090e-01  -7.8019291e-01  -2.3080803e-01   6.9853546e-01  -1.0529121e+00
   2.0000000e+00   1.7614044e-01  -8.0945148e-02  -5.4240563e-02   1.5461485e-01  -1.5231220e+00  -5.0421793e-02
   2.0000000e+00  -4.4394362e-01  -4.2738723e-01  -2.4770001e-01  -3.9552670e-01   8.4905423e-01   1.3869165e-01
   1.0000000e+00   9.4606410e-01  -2.1781628e-01  -5.9147729e-01   6.2904510e-02  -5.2136069e-01  -3.6381401e-01
   2.0000000e+00  -1.4504261e+00  -2.5290989e-01  -7.4124900e-02   9.5831874e-01   5.8990012e-01  -2.5874668e-01
   2.0000000e+00  -5.1692817e-01  -7.8925059e-01   9.1044635e-01  -1.7213829e+00  -6.1803494e-01  -7.0858445e-01
   2.0000000e+00   9.2535052e-02  -3.2140275e-02  -2.0793988e-01   1.3636892e+00   3.2535210e-01   5.9714467e-01
   2.0000000e+00  -5.6679189e-01   5.9704218e-01  -1.8700521e-01   5.7168716e-01  -1.2893063e+00   1.0175427e+00
   2.0000000e+00  -9.8634724e-01  -1.0295025e-01  -1.3751286e+00   1.4246338e+00   1.5435920e+00  -1.8738805e+00
   2.0000000e+00   1.0726842e+00  -1.0338973e+00   9.1769730e-01   1.0603742e+00  -1.4692133e+00   2.6919793e-01
   2.0000000e+00   8.9190887e-01  -6.1041342e-01   2.6646347e+00  -1.2476704e+00  -1.4734090e+00   6.4112125e-01
   2.0000000e+00   1.6954571e+00   5.0552704e-01  -6.9888146e-01  -1.2901183e-01  -1.0554553e+00  -1.3848351e+00
   2.0000000e+00   6.3924062e-01   7.5796673e-01   6.0865684e-01  -4.6931566e-01  -4.9049421e-02   2.2117720e-02
   2.0000000e+00  -5.5334676e-01   7.5924753e-01   2.1917545e+00  -1.4377139e+00   8.6652588e-01  -5.0239965e-01
   2.0000000e+00  -2.7557211e-01  -8.0951096e-01   1.4321597e+00   1.5965674e+00  -1.3324317e-03   3.0075307e-02
   2.0000000e+00   3.5918571e-01  -4.9486013e-01   4.9039109e-01  -3.4986728e-01   2.6341971e-01   1.4853998e+00
   2.0000000e+00   1.1774445e+00  -1.2534190e+00   1.5394522e+00  -2.3991374e-01  -9.8171388e-01   9.9450922e-01
   1.0000000e+00  -1.9121092e-01  -3.8868953e-01  -1.8859547e+00   9.2554235e-01  -3.5284412e-01   2.1372162e+00
   2.0000000e+00  -1.6783461e+00  -1.0392595e+00   8.4718929e-02  -1.3457238e-01   5.0122590e-01   9.6072900e-01
   2.0000000e+00  -1.0072615e+00  -1.1691624e+00   1.7273527e+00  -1.2684218e-01   2.2529197e+00  -1.8591312e-01
   1.0000000e+00   6.4612520e-01   7.3455495e-01  -9.0313854e-01   4.6081944e-01  -5.7752275e-01   2.0566454e+00
   2.0000000e+00   4.7427720e-03  -1.9880600e+00  -1.1933056e+00   6.6057559e-01  -1.5877868e+00  -4.9900592e-01
   2.0000000e+00   9.3351585e-01  -2.7042064e-01  -8.7950202e-01   8.1571321e-01  -1.1422000e+00  -5.9234652e-01
   1.0000000e+00   4.2863392e-01   6.3187892e-01  -8.8986568e-01   5.8990270e-01   4.9771331e-01  -7.5910650e-01
   2.0000000e+00  -1.4163096e+00  -7.9222628e-03   2.5308218e-01   8.3570416e-01   1.0524409e+00   1.9735874e+00
   2.0000000e+00   1.2529284e+00   2.2325674e-01  -4.6148829e-01  -3.9905157e-01   1.3139259e+00  -8.6715373e-02
   2.0000000e+00  -1.2514714e+00   3.3761020e-01   3.2205610e-01  -1.7574367e+00   1.1107597e+00  -4.2595031e-01
   2.0000000e+00  -8.2476193e-02   3.0187764e+00  -4.6903354e-01   1.9724802e+00   3.0680604e-01   1.3328318e+00
   2.0000000e+00   1.3133692e-01  -6.1441172e-01   6.1748484e-01  -5.9355838e-01   1.2259384e+00  -1.4851932e+00
   2.0000000e+00   4.2095087e-01   5.9315065e-01  -5.1150735e-01   1.5787317e+00   7.2195626e-01   6.3120900e-01
   2.0000000e+00   1.4430097e+00  -1.1714898e+00   3.5260833e-01   1.5457465e+00   3.9660158e-01  -6.9962364e-02
   2.0000000e+00   1.0471743e+00   9.9537879e-01   4.8029128e-01   9.0443029e-01   9.6788411e-01  -7.2260932e-01
   2.0000000e+00  -9.8730412e-01   7.3395842e-01  -1.3385119e+00   6.8254495e-01  -9.4766816e-01  -8.7243368e-01
   1.0000000e+00  -9.6028863e-01   9.9534784e-01   7.6569286e-01   2.0039691e-01  -7.8945533e-01   7.6429947e-02
   2.0000000e+00   1.0222105e+00  -4.0070283e-01   2.9224008e-01  -1.8037919e-01   2.5521588e-02   1.0013065e+00
   2.0000000e+00   6.2866227e-01  -4.2667613e-01   1.1857993e+00  -4.3302870e-01  -4.3643887e-01  -3.7860998e-01
   2.0000000e+00   1.8016028e-01   8.8866497e-01   1.0575539e+00  -6.3594946e-01  -7.1253713e-01  -8.9179240e-01
   2.0000000e+00  -4.4130423e-02   5.0543349e-01   1.8520758e+00  -5.8582890e-01   1.1457402e+00   1.0888808e+00
   2.0000000e+00   5.9277030e-01   1.5565470e+00   5.9277418e-01   1.6999217e+00  -4.0777499e-01   9.5030781e-02
   2.0000000e+00  -4.6729166e-01   8.3747174e-01   1.1965918e+00  -2.0578338e+00   7.3150700e-01   1.5202873e+00
   2.0000000e+00   2.1499766e+00   2.6459232e+00  -5.9185473e-01  -2.0609399e-01  -1.7498030e+00   5.2861515e-01
   2.0000000e+00  -4.3851476e-02   1.4864835e+00   1.3098049e+00  -3.9839611e-01   8.4545130e-01   4.2051123e-01
   2.0000000e+00  -3.1839928e-02  -1.3443902e+00   1.6359284e+00   9.1479961e-01  -5.7144778e-01   3.9383819e-02
   2.0000000e+00  -3.7152437e-01  -1.4931872e+00  -6.1091110e-01   2.6253588e-01  -2.2607373e+00  -2.3195857e-01
   2.0000000e+00   2.3349559e-01  -4.7761159e-01  -3.2070799e-01  -9.6298644e-01  -6.1815673e-01  -1.2702880e-01
   2.0000000e+00   1.4226286e-01  -1.2848322e+00   1.8730094e+00   1.2926021e+00  -2.6679204e-01  -1.6918928e+00
   2.0000000e+00  -9.0601269e-01  -2.8182066e-01   2.8765965e-01   1.5877881e+00   1.0324017e+00  -4.7422421e-01
   1.0000000e+00   9.3068039e-01   1.1544451e+00  -2.3369093e+00   2.8559833e-01   4.1192815e-01  -2.2664687e+00
   1.0000000e+00  -6.7954869e-01   1.2283553e+00   2.4130184e+00   1.1838630e-01  -5.2960557e-01   5.2954170e-01
   1.0000000e+00  -8.8505499e-01  -6.5944717e-01  -6.2382505e-01   3.7967621e-01   1.8635631e-01  -3.9063837e-01
   2.0000000e+00   4.7282180e-01   1.3359490e+00   1.8639927e+00  -4.5243142e-01  -2.5473088e-01  -3.1057727e+00
   2.0000000e+00  -4.7057447e-01   5.9001531e-01  -3.1400542e-01   1.3917935e+00  -6.9502989e-02  -7.6831839e-01
   2.0000000e+00  -2.9326027e-01  -1.3780526e-01   5.6439347e-01  -1.8565473e+00   8.3132687e-01   1.4065955e+00
   2.0000000e+00  -1.4578053e+00   8.1217189e-01   1.7806664e+00   1.4778839e+00   6.9206843e-01   2.1076122e+00
   2.0000000e+00  -6.3780642e-01   1.3781718e+00  -5.3303370e-02  -7.7720270e-01  -1.5560673e+00  -1.9515315e-01
   2.0000000e+00   6.2448248e-01  -3.1469143e-01  -2.3414585e+00  -8.2168220e-01   1.2777781e+00   9.4233626e-01
   2.0000000e+00  -2.2187205e-01  -2.3785274e-02  -3.6151954e-02   1.6155943e-01   9.9841986e-01  -4.7158248e-02
   1.0000000e+00  -4.9171842e-02   1.7491976e-01   1.2963295e-01   3.4155828e-01  -1.0620096e-01   1.1059915e+00
   2.0000000e+00  -9.9988653e-01  -3.6625348e-01   2.3987415e-01   5.4898162e-01  -8.9621608e-01  -6.1812575e-01
   1.0000000e+00  -1.6855528e+00   4.8003267e-01   2.4501165e-01   6.0660409e-01  -2.1059756e-01   8.1454957e-02
   2.0000000e+00  -8.3413863e-01   4.9704189e-01   2.5459208e-01  -1.3421512e+00   2.0983346e-01  -4.1557140e-01
   2.0000000e+00  -5.3694050e-01   1.2720253e+00  -1.5578977e-01   7.0262213e-01  -1.4873741e+00   7.8151186e-01
   1.0000000e+00  -4.3851928e-01   8.8566359e-02  -6.6747730e-01   6.8379448e-01  -4.1123434e-01   1.1378812e-01
   1.0000000e+00   1.0625856e+00  -7.6371012e-01  -1.5325296e+00   7.0586086e-01   5.6335615e-03  -4.6937968e-01
   1.0000000e+00  -3.0229412e-01  -8.3361179e-02   1.4098507e+00   1.7875545e-01   6.1518872e-01  -9.5752774e-01
   2.0000000e+00   1.2976319e+00  -1.0121777e-01  -8.2473197e-01   2.9868300e-01   9.6250492e-01  -1.7593734e+00
   2.0000000e+00   1.5161030e+00  -4.4183479e-01  -1.3153802e+00  -8.4515388e-01   1.2168496e+00   6.6633755e-02
   2.0000000e+00   1.4856509e-01   2.5909555e+00   8.3933911e-01  -1.1119511e-02   1.7477200e+00   1.1002468e+00
   2.0000000e+00  -5.3086162e-01  -3.5341972e-01  -4.7133231e-01   8.0033478e-01  -8.7269331e-01   2.2502328e+00
   2.0000000e+00   1.0747585e-01   6.0357411e-02   1.1335316e+00  -1.4942972e+00  -1.0477962e+00   5.0846159e-01
   2.0000000e+00  -4.2100035e-01  -6.5371217e-01   1.3528304e+00  -3.9342882e-01   1.3378112e+00  -7.9581963e-01
   2.0000000e+00  -2.2521153e-01  -7.8958590e-03  -2.0338459e+00  -1.3262581e+00  -1.4783715e+00   2.4658886e-02
   2.0000000e+00   7.1290935e-01  -3.6965706e-01   8.0948353e-01   1.3381162e+00  -8.2071641e-01   5.2233343e-01
   2.0000000e+00   7.7870323e-01   7.4472045e-02   1.5334258e+00   4.5668519e-01   1.0683058e+00  -1.0699078e+00
   2.0000000e+00  -1.2867049e+00   2.5800939e-01   8.9878408e-01   1.2978768e+00  -1.5883332e+00   1.5147891e-01
   2.0000000e+00  -1.1225853e+00  -2.9412928e-01   8.4044755e-01  -3.7181964e-01   7.5038122e-01  -5.7146685e-01
   2.0000000e+00   1.2571139e+00   2.9043187e-01   6.1233613e-01   5.5776185e-01   1.0697736e+00  -3.5962273e-01
   2.0000000e+00  -4.9678306e-01   2.6910320e+00   4.8763843e-01   6.0319531e-01  -1.1091439e+00   8.3495904e-02
   2.0000000e+00  -5.5418507e-01   1.2059895e+00   1.3062275e+00   1.0291308e+00   8.3771908e-01  -2.3465847e-01
   2.0000000e+00   1.5196289e+00   7.8748174e-01   2.1171551e-01   2.4719703e-01  -1.7673834e+00  -8.1557652e-01
   1.0000000e+00   7.7966127e-01  -9.3390359e-01   1.4190109e+00   5.2854051e-01  -6.5761590e-01  -1.1749793e+00
   2.0000000e+00   1.2393156e+00   6.8558935e-01  -9.6470189e-01  -1.6358262e+00  -2.6476710e-02  -6.2642248e-01
   2.0000000e+00  -5.1510070e-01   1.1298125e+00   1.3132954e+00   1.2277084e+00  -3.0070610e-01  -8.9383932e-01
   2.0000000e+00   1.6334083e+00  -2.2698695e+00  -3.4648954e-02  -4.9482789e-01   3.4809918e-01   6.3463042e-01
   2.0000000e+00  -4.4537075e-01   2.6937780e-01   1.6156824e+00  -6.8146009e-01   1.5816973e-01  -3.9742421e-01
   2.0000000e+00   1.1894840e-01   2.6340705e+00  -1.2163386e+00  -1.6648386e+00   8.6693732e-01   7.0191775e-01
   2.0000000e+00  -8.5552688e-01  -9.7112342e-01  -4.2242138e-01   9.8398165e-02  -1.1773529e+00   6.8270913e-01
   1.0000000e+00   1.5692168e-01  -1.0967427e+00  -1.0001852e+00   7.8018317e-02  -4.9411019e-01  -3.3480192e-01
   2.0000000e+00  -2.9083754e-01   1.3465431e+00   6.0234975e-02   3.5082263e-01   1.4156393e+00  -2.0449654e+00
   1.0000000e+00   4.6438376e-01  -1.5373829e+00   5.8710249e-01   6.4064652e-01   4.5942723e-01   7.9686093e-01
   2.0000000e+00  -1.1483626e+00  -4.6224085e-01  -1.5865434e+00  -3.0163356e-01   2.5536788e-01   2.0282587e-01
   2.0000000e+00  -1.1514658e+00   3.5975110e-01  -1.2810494e+00   1.0739933e+00  -1.1713397e-02   1.9209078e-01
   2.0000000e+00  -9.2559623e-01  -3.4245444e-01   2.0239474e+00  -4.5305110e-01   1.4483587e+00   2.0337337e+00
   2.0000000e+00  -7.5750741e-01  -1.0455132e-01   7.0779717e-01  -1.2096939e+00   2.0969409e+00  -1.3056968e+00
   2.0000000e+00  -8.5592310e-01   9.8523790e-02   3.9008153e-01  -4.1232036e-01  -1.2374637e+00   1.6556264e+00
   2.0000000e+00  -5.5774227e-01  -5.0861130e-01  -1.7313754e+00  -6.9357378e-01   2.4318541e-01  -1.0308092e+00
   2.0000000e+00  -1.6054915e+00  -1.6712186e-02  -1.1301930e+00   1.5935223e-01   1.2591593e+00  -1.3062592e+00
   1.0000000e+00  -8.9414049e-01  -1.1101050e+00   5.9094761e-01   4.2891370e-01   4.2945439e-01  -1.1513846e+00
   2.0000000e+00  -2.0822770e+00  -2.0635512e+00  -2.8803662e-01  -1.1280434e+00  -2.6790025e+00   6.8967455e-01
   1.0000000e+00  -1.6331253e+00   1.0861394e+00   1.1065683e+00   2.9440604e-01  -7.7233143e-01  -8.7796089e-01
   2.0000000e+00   4.2550039e-01  -1.9547466e+00   1.8148219e+00  -5.1215918e-01  -4.5831851e-01   7.4746674e-01
   1.0000000e+00  -1.1505836e+00  -5.2903223e-01  -2.5338123e+00   9.0633417e-01  -2.5397757e-01   1.0370226e-01
   2.0000000e+00  -1.3485712e-01   1.6196699e+00   1.0783309e+00  -7.3118358e-01   1.2692001e+00  -8.0375736e-01
   2.0000000e+00  -7.3946319e-01  -2.2595498e+00  -3.1762380e-01  -8.6663773e-02   2.0363157e+00   7.3750652e-01
   2.0000000e+00   8.0485210e-01   1.4005791e-01  -7.8024184e-01  -5.0753499e-01   4.7865630e-01   9.9648273e-01
   2.0000000e+00  -2.3482819e+00   9.9465007e-01   1.1002784e+00  -2.5846228e-01   9.2767895e-01   1.3709182e+00
   2.0000000e+00   1.3495486e-02   1.7918821e+00  -1.2394790e+00   5.2513777e-01   1.2378249e+00  -1.8087442e+00
   2.0000000e+00   1.5490119e+00  -7.6763229e-02  -3.8830214e-02  -7.3650821e-01  -5.1230394e-01  -7.9031465e-01
   2.0000000e+00   9.0474253e-01  -2.4141524e-01   7.5960291e-01  -1.3832162e+00  -6.8847525e-01   9.4229545e-02
   2.0000000e+00   6.6956041e-01  -2.0366668e+00   1.6020164e+00  -9.8208276e-01   1.3995237e-01  -1.2159365e+00
   2.0000000e+00  -4.0945228e-01   2.6678364e-01   7.3830042e-01  -1.3476762e+00   5.4004657e-01   1.2614611e+00
   2.0000000e+00   3.3848820e+00  -7.9598399e-01  -7.7507330e-01   4.7485579e-01  -1.1915928e+00  -8.4114911e-02
   1.0000000e+00  -9.7384998e-02  -7.6432733e-01   1.8658681e+00   2.0385577e-01   7.8502165e-01  -4.9151957e-01
   1.0000000e+00   1.0318264e+00   3.2478875e-01   4.1367236e-01   7.3670658e-01  -2.1296863e-01   1.1196378e-01
   2.0000000e+00   1.7164267e+00  -1.5901783e-01   3.7036191e-01  -7.8200618e-01  -5.9536714e-01  -6.5311881e-01
   2.0000000e+00  -2.6545757e-01  -6.1098394e-01   5.0560182e-01   3.4577013e-01   1.0260713e+00   7.0473348e-01
   2.0000000e+00   2.7174428e-02  -1.2251885e+00  -1.3395049e+00  -5.7831161e-01   1.1178581e-01  -6.8755195e-01
   1.0000000e+00  -3.5988601e-01   1.0194260e-01   4.8357914e-01   6.0857513e-01  -3.3322192e-01  -2.9878382e-01
   1.0000000e+00  -1.0128521e+00  -8.7502833e-01   1.9232266e+00   5.6822209e-01  -3.2480290e-01   5.5560898e-01
   1.0000000e+00   7.3018625e-01  -7.8309814e-01   1.1258970e+00   1.9450868e-01  -3.4896694e-01  -5.6053457e-01
   2.0000000e+00  -8.1872109e-02   3.8715232e-01  -3.3316421e-01   1.9216692e+00   1.0040904e+00  -9.5204646e-01
   2.0000000e+00  -1.8932417e+00   1.2851834e+00  -5.8344647e-01  -1.0636405e+00  -1.7760222e+00  -3.6433937e-01
   2.0000000e+00  -4.6317353e-02  -3.6621726e-01  -1.9968711e+00  -2.1401317e-01  -4.7819995e-01  -4.9536976e-01
   2.0000000e+00   1.1021901e+00   1.6040863e-01   8.3858097e-01   6.4198022e-03  -1.9470552e+00  -2.6369417e-01
   1.0000000e+00  -1.9631321e-01  -4.7841520e-01  -6.0527318e-01   1.8739917e-01   9.6685187e-01   2.4136378e-01
   2.0000000e+00   4.3515610e-01   1.2234108e-02  -9.0524468e-01   7.4476630e-01  -1.4047277e+00  -7.5139217e-01
   2.0000000e+00  -1.7002878e-01  -9.9413688e-01   7.0536394e-01   1.4333233e+00  -8.2807577e-01   7.3320231e-01
   2.0000000e+00  -2.0404909e+00  -8.9871057e-01   3.6670924e-01  -6.6640026e-01  -9.8785439e-01   7.0122483e-01
   2.0000000e+00  -5.2705160e-01  -3.8979720e-01   2.9045344e-02   1.6392207e-01   1.0484749e+00  -3.7272044e-01
   2.0000000e+00  -2.0597178e-01   1.3997125e+00   8.1759221e-01  -2.0147617e+00  -6.4383047e-02   3.3042694e-01
   2.0000000e+00  -1.5131016e+00  -7.7092821e-01   6.9789588e-01  -1.6500894e+00  -2.3734482e-01  -1.7564387e-01
   1.0000000e+00  -1.9052761e+00  -4.6945337e-01  -9.5046526e-01   1.3394805e-01  -5.9086406e-01   5.3558017e-01
   2.0000000e+00   7.5162200e-01   1.4094211e+00  -1.3007839e+00  -2.1939854e-02   8.3897574e-01  -3.6254336e-01
   2.0000000e+00   3.8767286e-01  -1.0267666e+00  -1.8686069e-01  -6.2736868e-01  -1.4012853e+00   3.8476310e-01
   2.0000000e+00  -7.8277542e-01   5.8735232e-01   1.3847746e+00  -1.5720225e+00  -6.6479421e-01   2.2833970e-01
   2.0000000e+00  -1.7024243e+00  -8.2108263e-01   3.6542304e-01  -3.8029995e-01   6.0274471e-01   4.9492360e-01
   2.0000000e+00   1.0771156e+00  -5.9481997e-02  -9.5255872e-01   1.0968967e+00  -1.6296367e+00  -6.9154550e-01
